11 11111111 1111111. 1111

11,11,1 honor 1111111 domun 1, 7, 111111111111111,1,0 11111111,Ρ111.
18111111111111111,11ρί1.811111· 1
1111111111111111111,Ρ111.10 ho· 111111111110 1111111111 11, 11,111
111111111111111111111,17,7 11111111
Hom 111111 11, 11, 10 hores 1111111111 11111111 1,11,0 11111 11,1,11
111, From in 11111 singulas 11111, 1111111111,11,8111111,11,0
11 Id 111111111οωί11 turpe 11111111 111·
11111111111111,7,011111111111111111, 11111111111,11,7
1, 1 hordeo 111111111 11111 11, 7,11 Idem 1111 11, 11,1
11111111111111111 1,11, 10 Ideo iv, 11, 11 nec 11111 11,11, 11
1111111111111111111 11, 11,9 Igitur 1, 11,1. 1,1,17. 11,7,10
Hormi 1,18,1 1111111 111111111 1, 11,1
1111111111111111, 11111111 11,1, 11. 11, 1, 13111111 unguis 1,19, 11
u Ignis 1111111 iv, 11, 9 ignem 1111111
Hospitium pmwn cni tempore 11111111 111, 10,1
11, 0, 11 1311111111111 1,1, 10 ignorantes 111-
1111111 111111 111, 1, 11 1111 1,1, 11
noenu 111111 1,11,8 Ignotus 11111 1, 11,1 ignotos 1111111 1,
1111111 mlv. 11,1.1 1111111111,1, 11,1 ignotum 11111 111, lm igno·
10 11111, qui 111 1111111111 iii. 1, 10 111111111111 v, 7, 11
11111111 11111111,11,1 111 nutibus 111111 111,10,1
apd 11, 0,0 1111 molentun 111, 10, 10 cinados ille v,
Humanitati 11 accommodate 111, 11, 1 1, 10 1111 contu 11, M ille 11111111
11111111111ςυί1 1,1,9 1,11, 11 11111111 1111 11, 1, 10 1111
111111111111111111111 111111 11111111,11,011111111111111111,11,
numo capno 11,1,1 11 ’
1111111111 1,17,1 11111 11, 7, ln 1111111111111 11, 19, 16
11111111 11, 1, 11 11111111 pretio quem 1, 11,1
Hannon-n 1,17,1 111111111111111· luidemeonicemaupemopulm Ml!
111111 1111111111 1, 10, 1 humiles 111- Iliadem nqueo 1, 7, 11
111111,18,1 11111111111111111111,Ρ111.10
1111111 11111111 11,1,11 1111131111 1, 1111 quorem 111411
lm 11111111 1111 111,7,11
Hydra· 1,1111 1111111111 111 ponit, 1111111111 11,
11111111 11 1111111111 11, 11, ln Ptol. 11 potentem 1, 11, ι vocem
1,1, 17 11111111 v, 1,1
1111111111 gemitus 11,11, 1
1. 1111111111 11 greg! 1, 0,7
1111111111 1111 putenm 11, 9, 10
11ω111111111 11111 1, 17, 0 Inmodica argutio 11111111 11,1)111.1
11111111 11111111 cut 11111, 11 1111111111 1111111 1, 1, 1 .
11111111υωί 1. 18, 7 1111111111 11,11,1 1111111111 11, 0, 0
swa 11,1,00 1111111117,οο111111 Impar 1111111111, 0, 0 1111111111, 11,
111 111, 11,1 17
111111 1111111111,1,1 11111111111111 1111111111 v, 8.ss 1111111111 1119111111 1,
1111111 1, 11,1 1111111111111111111 11, 10
11111111 1711 Im 11111 cumn 111 domenum 111,
111111 rupto corpore 1, 11, 10 1111. 11 imponam circumcidere 11-
111111 regnu 11, 7,11 nen 11, 10, 11
1111111 hui· 1,7, 10 111111111,7,11 Imperium improbum 1,1, 1 emm
31111111, 11,1 neritum 11111 111- 1,11, 11
1111111111 11 1111111 Ῑ”111”.111111’11111“1Ἓ.1
1 1 t 1 1
111, M 1⁹‚n
1111111 tintinnabulum 11,7,1 Impetus 111 111, 10, 11 1111111111 leo·
11111111 officium 11,1,10 nis 1, 11, 10 generosus 1,10,0 in·
111111 11111 11,1,1 111 111, 1, 11 1111111111111 11,11,
111 111, Ρ111. 17. 111, 10, 10. 111, 11111. 7 1111111 veloci 1131111111 {n-
11. v, 1, 11 jum 11111 11,10,0 1111 ρ1111111111111111111 11111111 un·

111111111111... 1111111.. 0

 

