m Ι11111111 1111111111( 1111111.

(11111. 111. 1707. - 1719. 1710. 1775. et 1111 1111. (1111. 1775. 11
1711. 1111111. 1740.

- [11111111 11111111 111111 111111111,111111 11 11111111
1111111111 11 0111111111 11 (111111111111111 01111111 Sue, 111
A. 11. B. 1111. V. A 1111111, 1111 1111. 111111. 8.-1111111111 11.
1748. ' ·

1751 In 111111 11 1111111 1111111111 111111111, 1111111 111
tvi. 111 1111111111, 1111 111 1111111111 et 111 111111, que 111. 11
11 11111111 1 1111111111 1 1111111111 de 111111. A 11111111. 8.-
011111 111 1111111111 1 com. 11111. 1111111111.

1755 11111111 11111111 11 111111 1111111 11 1111111, 111111
1111111111 111111. 011111. A 111111. 8.

1716 11111111111111111 1111111 111 1111111111111 et 11111111(
1 11111111 la Conpngnie de Genu‘hhommes (111111 11 Sne, 111
A. H. B. 111. V. 11111111, 11111 1111. 111111. 8.-01111. 11.

. 1750.

- 1111111111 11 111111 11 11111111, 1111111 Notos gnm‘·
1111111111 11111111 explicatione (1111111111, 1111. 1. B. (11111Ιὶ11.)
A liegniu, 1111111111 siegert. 8.

1757 11111111111111, aveo 111 Nom, 111 1111111111111111,
11 11 11111111111111111111 111, 1 1111111 111 0111111111, (111
1111111111.) A 11111, 11111111111111111 1111111111, 1111111111, 11
11111111. 11. eum 11111 Lat.

-— Les 11111111 Ρ11111,111111111 11111111 1111 11 111111
1111111111111111111111111 11 11111111. Α 11111, cha 111. col·
lignon. 8. 11111-111. 111. 111111 h. 1. ’

-11111111111111 en 11111111 aveo 11 texte original. 1111·
1111111. 8.

1758 111 111111 11 111111, 11 latin et 11 11111111. 11111111
1111111111, 111111111111111111 (11111111 1111111111 11Μ11111.)
A 111111, 11111111111111 11111111 1111111111. 8 mim-Venio 111
prosaica 1111111111. ,

1759 Les 1111111111111111 utin et 11 11111111, 1111 111
1111111 1111111111111111 sont relatives. A 1111111111. 8 1111.

1762 11111111111111011111111. 1111111111. wratislavia. 8.
-0111 11. 1751. -

1765 111111 1111111 11111111111111111 ΜΨ. Parisiis. 8.

1769 lat. 116111. 1111111111111, 1111111111. 8.

1771 1111111111 111 11111111 Lat. und 111111εεί111 1111111·
‘gegeben von 11. 1. 1111111. 011111. 11.-111. 111. 11..1.

 

