1111 mnu

11011111 1, 10,1 101111 1111 111011 mutati 10 stein 11111111 11,111
pravo 1,1,1 monalium 1111100 iu, 1111111111 1,1, 11
10, 10 11101 11, Proin 111011 111111 11,1111111
110110111101111111111 11,1,1 mortuo 1111111 muta 1111111 iii, 11,1
0011111111 plag· 11,1,11 mortu· Myron 1111011
tribuit, quod 11111111111111,10,10 1111111 Veneri plum 111, 11,1
nonuu- 11111 invenire iii, 1, 0
Hm 1110110111 1,1, 11 vulgi 1, 1,
111111111111011,1,11 11 10011111, N.
11, 8 mom 0111011101 compescere i,
1,11 hominum iii, Ptol. 10 mariba· 11111 11, 1, 0. 1,1,11 1111111111,
11111111011111,1,001110111111111 1.111,1,10.111,0,1.111,10,41. 111.
iii, 0, 10 1111111 11111011 lm. 11,7,11.11,18,1
Motu 1010111 1, 1, 11 1111101101 0111111111 11,1, 1
Movere pinum 1,1,11 1111111,Ρ101. 1111111111οω mex iil, 1,11 1111111
1 1111 antu 111, Ρ101. 11 1101111 1011111111,11,11111111 0101111 iii,
verbi· iii, 0, 4 1,1
11011,11,1.11,1,1.11,11,0 1111111111 3011111111 1111111111,
Mul· 111,0,1 10,8 incipit 1, 0,1 bue iuis iii, 11,
1111101111 mie 1,1, 0 8 11111111 111111 quod 10111111 ῖιὶ,
1111101110 aliquem simili 1011 1, 10,1 11,0111111111111,11,11 Ι
111111111111111,1,1ι 11111110 1111111111 cd 1,1,11 mni
Mulier iii, 10, 11 11111, ibid. 1111111111 1,11,1
1,10,1 101 η1111,1,1 mulinum Narratione 110111 pom 110111 11, 1,
11110131 11, 1, 8 muneram 0011111111 1
1111111 mulieris lingua 11, 11,1 111111 i. 1. ll nigrum. 11111 iiiii,
Ἂο111111110111,11,11 111111110111 10
11, 11, 11 muitum explonndi 1111111 11111111 11, 1, 1
111101 inni 1,11,0 gemm 1,1, Numidia 111,11,11
1011111111 hordas? 11,1,0 multo 1111111 11,1
11,1 :iiim ...11,1 m.
pauci 1,1, 11 multi) 11111 11,1, 11 10 011 1,1,11 1010111111» 111 iii.
110111, 111111,1,18 multa 1101 iii, 1, 11 111111 dedecus 1, 11, 11.
Proin 111111 1110111110 re· munus 11,1, 10 onus i. 11,1 putu
iii, Ερ11.1 111111 agendo 1101113111 iv, 14, 7
11,1,1 mentitu· 111,10,11 super· 111111111,10,11. 11,11,0 infelix eut
sunt iv, Epim 1110111111ἰί,1,11. iv, 1,1 Dii· 11111111,10,11111111’1
111,1,11 multo potior iii, 11,0 natus 1,11,1 11111111 tu 11111 es
Μ11101011,1,1 v, 11,1 vituitus 1110, 11 1111 1,11,
111110111111111111 1,1,11 1. 11, 1, 11 incolumen 1,10, 11
11111111,11,1 nutura ii, 0,Ιο mu· 1111 10111 11111111 iii. 11, 11 11111
non 1111011111 11,11,1 minui 11111111 111011 1111111011 iii, Ρ101.10 11·
iii, Epil. 11 101111 1111101001,11.0 mio 0111
1101110111111 11, 0,1 iii, 10, 41
Mum: 1110111111 iv, 11, 11 Naufrngi iv, 11, 10
111111,11,1 mum molesti 1,11,1 11111111,10,1
veloces 11,1,11 victi iv, 0,1 mus Navis 111111 tempoehu‘but iv, 10,1
1110111011 11,1,11 navem ascendere iv, 11, 0
Hm 1111110111 Musarum 111111 111, 111010111111111111 11,1,11
Ρ101. 10 11111, 1, 111, lm 10111,11,18
uum iii, 0, 1. 11,11, 1. 1,1,1 ne 001111101ρὶ 1,11, 0
1111010110111110311111,1,10 Νο10011111,1,1
11111011101111 11,11,10 11111101, nec 11111111,11,1 01111111.
11111111 1,11,1. 11,1,10 11,1, 1. iv, 1,8 opinus 1, 1,0 ulli 11,11,10 nee
0,1 tibi, 110 ulli imm mciibeilmet

Mutant pauperes nil i, 11,1 1111111 fabulo 11, 1,11 1111111 iv, 1,0
110001101111111 genus 111,Ρ101.11 11011110 11,111 nee 1111 quicqum

 

